pos	ref	alt	refs	alts	e1s	e2s	callby	snp	snpdif	Ex
9411318	C	T	21	4	0	0	3	0	0	0
9411327	C	G	17	9	0	0	2	0	0	0
9411410	C	T	26	21	0	0	2	0	0	0
9411500	G	T	26	21	0	0	2	0	0	0
9411602	T	C	34	19	0	0	2	0	0	0
9411609	G	T	36	20	0	0	2	0	0	0
9411645	A	G	32	23	0	0	2	0	0	0
9411732	T	G	43	15	0	0	2	0	0	0
9411785	G	T	36	22	0	0	2	0	0	0
9411998	T	C	39	9	0	0	2	0	0	0
9412105	A	T	38	9	0	0	2	0	0	0
9412193	C	T	38	14	0	0	2	0	0	0
9412269	A	T	19	28	0	0	2	0	0	0
9412526	A	T	33	18	0	0	2	0	0	0
9412629	C	T	39	16	0	0	2	0	0	0
9412797	T	C	35	30	0	0	2	0	0	0
9412808	C	T	50	14	0	0	2	0	0	0
9412886	A	G	58	16	0	0	2	0	0	0
9413125	C	A	32	20	0	0	2	0	0	0
9413228	C	G	36	18	0	0	2	0	0	0
9413373	G	A	37	24	0	0	2	0	0	0
9413530	G	T	26	13	0	0	2	0	0	0
9413629	C	T	26	18	0	0	2	0	0	0
9413700	G	A	25	16	0	0	2	0	0	0
9413735	C	A	26	13	0	0	2	0	0	0
9413796	A	T	32	10	0	0	2	0	0	0
9413839	C	T	22	19	0	0	2	0	0	0
9413840	C	A	30	12	0	0	2	0	0	0
9413870	T	C	23	20	0	0	2	0	0	0
9413909	G	A	24	18	0	0	2	0	0	0
9413913	C	T	23	19	0	0	2	0	0	0
9413995	C	T	25	15	0	0	2	0	0	0
9414029	C	G	30	14	0	0	2	0	0	0
9414172	T	C	42	15	0	0	2	0	0	0
9414283	T	C	44	20	0	0	2	0	0	0
9414326	A	G	41	18	0	0	2	0	0	0
9414445	G	T	37	17	0	0	2	0	0	0
9414478	C	T	39	19	0	0	2	0	0	0
9414487	T	G	41	17	0	0	2	0	0	0
9414658	T	C	40	20	0	0	2	0	0	0
9414992	G	A	26	17	0	0	2	0	0	0
9415195	A	T	38	19	0	0	2	0	0	0
9415263	C	T	45	21	0	0	2	0	0	0
9415373	T	C	48	20	0	0	2	0	0	0
9415427	C	T	48	17	0	0	2	0	0	0
9415652	T	A	19	33	0	0	2	0	0	0
9415673	G	A	35	17	0	0	2	0	0	0
9415677	A	T	37	13	0	0	2	0	0	0
9415691	T	A	38	12	0	0	2	0	0	0
9416098	T	A	45	21	0	0	2	0	0	0
9416219	G	A	29	19	0	0	2	0	0	0
9416361	C	A	24	25	0	0	2	0	0	0
9416457	A	T	40	10	0	0	2	0	0	0
9416584	C	T	26	21	0	0	2	0	0	0
9416730	G	C	17	23	0	0	2	0	0	0
9417005	A	G	29	12	0	0	2	0	0	0
9417451	T	A	44	16	0	0	2	0	0	0
9417478	G	A	37	26	0	0	2	0	0	0
9417561	G	A	27	24	0	1	2	0	0	0
9417873	T	C	14	31	0	0	2	0	0	0
9418016	T	G	34	10	0	0	2	0	0	0
9418371	A	C	13	28	0	0	2	0	0	0
9418383	C	G	28	10	0	0	2	0	0	0
9418476	G	A	32	13	0	0	2	0	0	0
9418534	T	C	38	10	0	0	2	0	0	0
9418670	C	T	41	15	0	0	2	0	0	0
9418675	T	C	27	29	0	0	2	0	0	0
9419771	G	T	27	12	0	0	2	0	0	0
9419898	C	T	17	8	0	0	2	0	0	0
9419974	G	A	20	6	0	0	2	0	0	0
9420123	C	T	22	23	0	0	2	0	0	0
9420179	G	C	42	9	0	0	2	0	0	0
9420397	T	A	30	18	0	0	2	0	0	0
9420493	G	C	23	15	0	0	2	0	0	0
9420522	C	T	26	9	0	0	2	0	0	0
9420588	T	A	40	9	0	0	2	0	0	0
9420637	C	T	27	22	0	0	2	0	0	0
9420660	G	T	28	25	0	0	2	0	0	0
9420933	A	T	38	21	0	0	2	0	0	0
9421140	C	T	37	19	0	0	2	0	0	0
9421222	A	T	23	22	0	0	2	0	0	0
9421274	A	G	27	11	0	0	2	0	0	0
